/*--------------------------------*- C++ -*----------------------------------*\
| =========                 |                                                 |
| \\      /  F ield         | OpenFOAM: The Open Source CFD Toolbox           |
|  \\    /   O peration     | Version:  2512                                  |
|   \\  /    A nd           | Website:  www.openfoam.com                      |
|    \\/     M anipulation  |                                                 |
\*---------------------------------------------------------------------------*/
FoamFile
{
    version     2.0;
    format      binary;
    arch        "LSB;label=32;scalar=64";
    class       cellSet;
    location    "constant/polyMesh/sets";
    object      underdeterminedCells;
}
// * * * * * * * * * * * * * * * * * * * * * * * * * * * * * * * * * * * * * //


205
(
2
26658
26675
26677
4151
28731
143426
26701
45153
26725
45171
45172
45185
45188
8324
26771
45212
26781
26821
26827
26828
45281
45286
26857
26858
26863
6399
8448
14606
47376
45336
45339
47423
47424
8528
47459
47475
92543
72064
8583
47499
22928
47507
72088
47513
45472
72106
72136
92637
47592
47593
539
82470
47659
29232
92756
92757
27245
25213
14992
10909
144057
25276
41661
72387
33488
10987
33535
33537
33545
86839
31568
39773
868
39782
27501
162677
117631
19329
9093
5016
33707
31663
33722
33727
33729
31687
46054
46072
48138
48143
48186
48201
48204
40027
40034
109688
48254
48257
48263
48264
5270
52377
48281
7334
119977
119979
91308
52398
52401
119998
7362
40133
7366
38091
23759
40148
38101
52447
52459
52460
5357
52463
72944
34032
52472
52474
52480
52481
52484
34079
56609
52523
52533
52538
52545
40257
40264
46413
46419
40276
52570
40342
40343
38305
34209
1445
36266
52656
36278
56759
46520
52682
52696
46562
19948
7667
38388
7674
34307
34312
46601
15881
34317
34319
50744
34371
1624
28272
32372
40574
40576
91783
13966
7829
7839
40614
16047
16051
106171
48832
48885
85758
55054
48940
53060
48972
48984
48997
22382
49017
108426
38821
38822
38824
159658
100277
44995
28612
4047
55250
100307
45019
28638
45025
)


// ************************************************************************* //
