/*--------------------------------*- C++ -*----------------------------------*\
| =========                 |                                                 |
| \\      /  F ield         | OpenFOAM: The Open Source CFD Toolbox           |
|  \\    /   O peration     | Version:  2512                                  |
|   \\  /    A nd           | Website:  www.openfoam.com                      |
|    \\/     M anipulation  |                                                 |
\*---------------------------------------------------------------------------*/
FoamFile
{
    version     2.0;
    format      binary;
    arch        "LSB;label=32;scalar=64";
    class       cellSet;
    location    "constant/polyMesh/sets";
    object      twoInternalFacesCells;
}
// * * * * * * * * * * * * * * * * * * * * * * * * * * * * * * * * * * * * * //


232
(
98341
98353
24653
25027
106970
25101
98832
98840
98842
98875
98929
98946
98976
107230
107246
74513
74518
107305
107315
74571
107348
107363
74604
107391
107397
107399
74657
74699
74707
74720
74728
107502
115733
115746
115756
115760
99405
99411
107608
107617
107618
107644
99452
107650
99494
115909
115919
115948
115959
99585
107794
107810
116018
116021
107847
107860
107861
116059
107878
116080
75187
17847
99776
99777
75210
75211
116174
116178
116185
75251
18032
92009
26646
100453
84100
84125
75975
75990
18662
76028
76042
76055
76062
125216
76089
76101
125279
76129
125286
125288
125366
125378
76234
125387
100821
76250
76261
125438
125463
125466
76333
76345
76358
76360
125520
125521
125527
125541
76389
125543
125562
125564
76457
117422
117430
76478
125644
117461
125672
125689
125704
125709
117526
125726
125727
117539
117555
117560
117561
125761
125781
125793
125801
19312
117695
117704
117709
117710
117740
117755
117772
117782
117807
117828
126046
126159
126174
52814
102076
102078
102089
118603
102342
102349
118737
53221
102380
118891
45330
70167
78401
21069
12910
12913
21225
119662
21378
70745
21617
21755
120305
120343
120360
120396
120403
71314
120501
71393
22340
112675
112684
112700
112725
112870
112882
112966
104820
121213
121215
121230
121238
113058
113107
63971
113155
113168
113180
113207
113212
113218
113228
113290
113298
121551
121554
121559
113371
113376
121573
178948
178949
178986
179018
121679
179053
179116
179119
179133
179140
72921
72927
15634
73083
16071
98020
98058
24353
24358
24362
24406
24475
98297
)


// ************************************************************************* //
