/*--------------------------------*- C++ -*----------------------------------*\
| =========                 |                                                 |
| \\      /  F ield         | OpenFOAM: The Open Source CFD Toolbox           |
|  \\    /   O peration     | Version:  2512                                  |
|   \\  /    A nd           | Website:  www.openfoam.com                      |
|    \\/     M anipulation  |                                                 |
\*---------------------------------------------------------------------------*/
FoamFile
{
    version     2.0;
    format      binary;
    arch        "LSB;label=32;scalar=64";
    class       cellSet;
    location    "constant/polyMesh/sets";
    object      underdeterminedCells;
}
// * * * * * * * * * * * * * * * * * * * * * * * * * * * * * * * * * * * * * //


278
(
98341
98353
24653
360528
360537
360541
82052
16728
106934
25027
106970
25101
98832
98840
98842
344603
98875
98929
57974
98946
98976
107230
107246
74513
74518
107305
107315
74571
107348
107363
74604
107391
107397
107399
99229
74657
74699
74707
74720
999
74728
107502
115733
115746
115756
115760
99405
99411
107608
107617
107618
107644
99452
107650
99494
115909
115919
115948
115959
99585
107794
107810
116018
116021
107847
107860
107861
116059
107878
99687
116080
771498
75187
17847
99776
99777
75210
75211
116174
116178
116185
75251
329224
91658
337462
18032
18270
92009
26646
100453
84100
84125
75975
75990
18662
76028
76042
76055
76062
125216
76089
76101
125279
76129
51556
125286
125288
125366
125378
76234
125387
100821
76250
76261
125438
125463
125466
76333
109105
100915
76345
76358
76360
125520
125521
125527
125541
76389
125543
125562
125564
84639
76457
117422
117430
51899
76478
125644
117461
125672
125689
125704
215818
125709
117526
125726
125727
117539
117555
117560
117561
125761
125781
125793
125801
19312
68474
117695
117704
117709
117710
117740
117755
117772
117782
117807
117828
126046
126159
126174
60677
232746
232803
216519
52814
93821
102076
102078
102089
118603
102342
102349
118737
53221
102380
118891
45330
86313
577846
70167
78401
21069
12910
12913
21225
176988
119662
21378
95154
70745
21617
21755
333288
120305
120343
120360
120396
120403
71314
120501
71393
22340
186201
186206
137082
210823
112675
112684
112700
112725
571564
112870
112882
112966
325988
104820
121213
121215
121230
121238
113058
113107
63971
113155
113168
113180
580138
113207
113212
113218
113228
113290
113298
121551
121554
121559
113371
113376
121573
178948
178949
178986
179018
121679
179053
7056
179116
179119
179133
179140
203895
72921
72927
15634
73041
73083
73317
212625
16071
98020
98058
24353
24358
24362
24406
24475
57249
98297
)


// ************************************************************************* //
